$ 1 6.25e-9 0.03114032239145977 1 5 43
f 112 240 16 240 41 2 0.02
f 176 240 304 240 41 2 0.02
c 160 336 160 416 0 4.7e-12 2.8048144544901272
r 16 128 16 224 0 56
r 336 128 336 224 0 56
w 304 224 320 224 0
w 320 336 160 336 0
w 16 256 16 336 0
w 16 336 160 336 0
v -256 144 -256 48 0 2 5000000 1 2.5 0 0.5
r 176 240 176 304 0 33000
w 112 240 176 240 0
g 176 304 176 320 0
r 96 336 96 416 0 100000
v -144 176 -144 80 0 2 5000000 1 2.5 3.141592653589793 0.5
w -256 48 -256 32 0
w -256 32 -112 32 0
w -256 176 -256 144 0
g -192 176 -192 208 0
w -144 176 -192 176 0
w 0 32 16 32 0
w 16 32 16 128 0
w 96 336 160 336 0
w -256 176 -192 176 0
171 -112 32 0 32 0 5e-9 60 16 0
w -144 176 -112 176 0
w 0 48 0 176 0
w 0 176 -112 176 0
v 96 -32 96 -96 0 0 40 5 0 0 0.5
g 96 -32 96 0 0
s 96 -96 176 -96 0 1 false
r 176 -96 176 -16 0 1000
w 176 -16 176 240 0
171 48 80 160 80 0 5e-9 60 16 0
w -144 80 48 80 0
w 0 176 48 176 0
w 48 176 48 96 0
w 160 96 160 176 0
w 160 176 48 176 0
w 160 80 336 80 0
w 336 80 336 128 0
w 320 224 336 224 0
w 304 256 320 256 0
w 320 256 320 336 0
w -112 48 -112 176 0
w 96 416 96 480 0
g 160 480 160 512 0
w 96 480 160 480 0
w 160 416 160 480 0
c 32 -112 32 -32 0 1.0999999999999999e-11 3.5074040726136664
c 432 112 432 192 0 1.0999999999999999e-11 1.5469363214308536
w 16 32 16 -128 0
w 16 -128 32 -112 0
w 32 -32 96 -32 0
w 336 80 432 80 0
w 432 80 432 112 0
w 432 192 432 480 0
w 432 480 160 480 0
o 34 1 0 4098 10 0.2 0 3 34 0 16 0
o 20 1 0 4114 5 0.05 1 2 39 0
